00000000000000000000000000000000000000000000000000000000000000000000000000000000
00000000000000000000000000000000000000000000000000000000000000000000000000000000
00000000000000000000000000000000000000000000000000000000000000000000000000000000
00000000000000000000000000000000000000000000000000000000000000000000000000000000
00000000000000000000000000000000000000000000000000000000000000000000000000000000
00000000000000000000000000000000000000000000000000000000000000000000000000000000
00000000000000000000000000000000000000000000000000000000000000000000000000000000
00000000000000000000000000000000000000000000000000000000000000000000000000000000
00000000000000000000000000000000000000000000000000000000000000000000000000000000
00000000000000000000000000000000011100011100000000000000000000000000000000000000
00000000000000000000000000000000100010100010000000000000000000000000000000000000
00000000000000000000000000000001000001000001000000000000000000000000000000000000
00000000000000000000000000000001000000000001000000000000000000000000000000000000
00000000000000000000000000000001000000000001000000000000000000000000000000000000
00000000000000000000000000000000100000000010000000000000000000000000000000000000
00000000000000000000000000000000010000000100000000000000000000000000000000000000
00000000000000000000000000000000001000001000000000000000000000000000000000000000
00000000000000000000000000000000000100010000000000000000000000000000000000000000
00000000000000000000000000000000000010100000000000000000000000000000000000000000
00000000000000000000000000000000000001000000000000000000000000000000000000000000
00000000000000000000000000000000000000000000000000000000000000000000000000000000
00000000000000000000000000000000000000000000000000000000000000000000000000000000
00000000000000000000000000000000000000000000000000000000000000000000000000000000
00000000000000000000000000000000000000000000000000000000000000000000000000000000
00000000000000000000000000000000000000000000000000000000000000000000000000000000
